rbf
2
2.000000
0.121283
13
2

1.000000	0.510000	
0.037825	0.674782	1.246197	1.343331	1.031923	0.727127	0.923591	0.923813	0.948973	0.951078	0.594161	0.532391	0.187083	

-1	-1	-1	-1	-1	-1	1	1	1	1	1	1	1	

1.114766	0.304326	

-0.315044	0.316897	

0.213399	0.223149	0.226318	0.227071	0.225632	0.223796	0.652699	0.651829	0.648167	0.643656	0.638359	0.631088	0.624636	
0.998195	0.909363	0.879423	0.844289	0.816007	0.790639	1.011637	1.009980	1.003074	0.993721	0.977330	0.958254	0.934784	


0.651829	0.988282	
1.009980	0.509392	
-0.468475	0.268026	
-0.883477	-0.963412	


