rbf
2
3.125000
-0.026089
9
6

0.110000	1.570000	
0.802941	0.999947	2.122224	0.863655	0.269951	0.597913	0.629842	1.116294	0.447457	

1	1	1	-1	-1	-1	-1	-1	-1	

0.499814	0.251235	0.078189	0.351719	0.389851	0.038078	

-0.996660	0.082669	

-0.603958	-0.645441	-0.435497	0.780000	1.090037	0.812750	0.732940	0.759947	0.784862	
1.605354	1.194367	0.999881	0.740000	2.383946	2.498845	1.835841	1.598789	1.360432	


-0.402830	-0.358770	-0.433082	-0.397538	-0.278142	-0.086255	
1.221872	1.301474	1.507490	1.532278	1.789737	1.925384	
0.484271	0.269127	0.820237	0.542184	0.589118	0.997922	
0.874918	0.963105	0.572024	0.840260	0.808047	-0.064433	


